232
428
564
566
570
678
892
894
896
901
905
909
929
1040
1044
1080
1083
1123
1178
1205
1211
1235
1236
1237
1238
1239
1240
1251
1254
1285
1287
1300
1330
1331
1332
1414
1418
1442
1443
1444
1450
1469
1477
1479
1489
1491
1523
1529
1565
1567
1601
1618
1636
1656
1660
1712
1795
1796
1811
1849
1895
1940
1998
2024
2066
2077
2078
2079
2131
2132
2160
2178
2194
2218
2219
2221
2268
2269
2270
2323
2354
2355
2356
2360
2410
2411
2428
2429
2436
2466
2473
2476
2482
2484
2490
2491
2493
2505
2506
2514
2515
2516
2518
2520
2523
2524
2525
2526
2527
2528
2529
2530
2538
2541
2542
2543
2544
2553
2556
2557
2558
2560
2562
2563
2565
2566
2567
2568
2572
2573
2575
2576
2577
2591
2592
2594
2595
2596
2597
2599
2605
2609
2613
2614
2615
2619
2620
2629
2639
2642
2643
2716
2721
2725
2740
2752
2758
2759
2767
2768
2840
2847
2858
2892
2897
2923
2941
2959
2960
2986
2993
3020
3052
3055
3057
3058
3059
3060
3070
3089
3090
3100
3102
3106
3115
3116
3119
3241
3243
3244
3274
3295
3296
3299
3300
3303
3314
3317
3320
3324
3325
3326
3330
3331
3364
3372
3383
3389
3390
3414
3416
3421
3422
3444
3450
3454
3455
3458
3460
3469
3493
3496
3497
3500
3537
3539
3540
3541
3548
3560
3581
3582
3583
3585
3586
3587
3588
3592
3593
3595
3597
3598
3599
3600
3601
3602
3603
3604
3608
3620
3622
3637
3638
3640
3651
3681
3688
3689
3690
3693
3707
3716
3717
3723
3729
3732
3753
3754
3757
3759
3762
3772
3774
3779
3780
3784
3785
3790
3791
3803
3805
3806
3817
3850
3865
3877
3892
3893
3936
3937
3961
3969
3970
3973
3998
3999
4000
4001
4028
4038
4039
4040
4041
4042
4072
4074
4109
4124
4126
4127
4128
4132
4147
4149
4154
4155
4157
4159
4163
4165
4167
4169
4181
4182
4187
4189
4191
4194
4195
4196
4198
4267
4268
4291
4323
4327
4333
4338
4340
4341
4342
4343
4345
4374
4397
4417
4440
4446
4447
4448
4452
4482
4496
4510
9187
9262
9306
9310
9316
9318
9322
9337
9341
9392
9401
9425
9426
9428
9429
9431
9432
9434
9449
9465
9480
9558
9560
9561
9566
9584
9592
9595
9597
9614
9619
9634
9635
9637
9646
10316
10326
10333
10461
10473
10476
10519
10521
10524
10551
10573
10574
10586
10595
10616
10625
10626
10628
10640
10642
10644
10670
10671
10672
10679
10685
10691
10693
10708
10711
10712
10714
10715
10727
10728
10729
10730
10738
10741
10754
10756
10757
10761
10762
10765
10769
10775
10780
10783
10785
10786
10788
10796
10798
10799
10804
10809
10834
10835
194995
195065
195086
195089
195090
195093
195094
195232
195269
195304
195305
195338
195445
195446
195447
195448
195494
195499
195548
195550
195553
195567
195568
195627
195630
195647
195658
195709
195726
195728
195770
195777
195791
195803
195813
195826
195916
195959
195960
195961
196246
196268
196290
196315
196577
196628
196795
196797
196814
196840
196845
196847
196917
196936
196943
196987
197000
197069
197089
197112
197119
197127
197161
197182
197213
197232
197268
197276
197314
197325
197332
197364
197455
197462
197474
197479
197487
197489
197492
197507
197523
197543
197566
197573
197771
197772
197784
197790
197791
197810
197839
197961
197991
198006
198014
198156
198157
198217
198230
198245
198348
198351
198427
198578
198811
199684
200490
200631
200672
200977
201924
202272
202755
204067
204087
204159
204160
204194
204196
204242
204244
204282
204321
204340
204397
204435
204443
204444
204501
204531
204552
204571
204573
204587
204640
204650
204673
204674
204675
204726
204741
204766
204820
204824
204864
204869
205575
205594
205604
205605
205668
205714
205719
205724
205732
205793
205827
205958
206020
206028
206132
206232
206253
206255
206281
206719
207595
207781
208187
208339
208434
208673
210135
210542
211727
212114
212776
212911
212913
214907
